signal_unblock,563.0,512.0,526.9088,528.0
